16.1328125 155.1328125 1682627329.104834
16.1328125 155.3828125 1682627329.104844
16.1328125 155.3828125 1682627329.104851
16.1328125 155.3828125 1682627329.1048582
16.1328125 155.3828125 1682627329.104866
16.1328125 155.3828125 1682627329.104872
16.1328125 155.3828125 1682627329.1048791
16.1328125 155.546875 1682627329.104886
16.1328125 155.62890625 1682627329.104893
16.1328125 155.62890625 1682627329.1049001
16.1328125 155.62890625 1682627329.104907
16.1328125 155.62890625 1682627329.104914
16.1328125 155.62890625 1682627329.1049201
16.3828125 155.62890625 1682627329.104927
16.796875 154.96875 1682627329.104933
17.37890625 153.88671875 1682627329.10494
18.0390625 152.64453125 1682627329.1049469
18.7890625 151.234375 1682627329.104954
19.453125 149.57421875 1682627329.104961
20.03125 147.83203125 1682627329.1049678
20.61328125 146.0078125 1682627329.104974
21.1953125 144.18359375 1682627329.104981
21.94140625 142.109375 1682627329.104987
22.76953125 139.94921875 1682627329.104994
23.68359375 137.54296875 1682627329.105
24.76171875 134.80859375 1682627329.1050072
25.921875 131.90234375 1682627329.105014
27.08203125 128.75 1682627329.105021
28.078125 125.43359375 1682627329.1050282
28.9921875 122.03125 1682627329.1050339
29.90625 118.546875 1682627329.1050408
30.65234375 115.14453125 1682627329.105047
31.48046875 111.7421875 1682627329.105054
32.39453125 108.2578125 1682627329.105061
33.3046875 104.69140625 1682627329.105067
34.30078125 100.79296875 1682627329.105074
35.296875 96.64453125 1682627329.1050801
36.29296875 92.49609375 1682627329.105087
37.12109375 88.51171875 1682627329.105093
37.87109375 84.86328125 1682627329.1051
38.53125 81.296875 1682627329.1051059
39.1953125 78.14453125 1682627329.105113
39.6953125 75.32421875 1682627329.10512
39.94140625 73.08203125 1682627329.105126
40.02734375 71.5078125 1682627329.105133
40.02734375 70.42578125 1682627329.105139
40.02734375 69.765625 1682627329.1051462
40.02734375 69.43359375 1682627329.105152
40.02734375 69.265625 1682627329.1051588
40.02734375 69.265625 1682627329.105165
40.02734375 69.265625 1682627329.105172
40.02734375 69.9296875 1682627329.105178
40.02734375 71.5078125 1682627329.105185
40.02734375 73.99609375 1682627329.105192
40.02734375 77.1484375 1682627329.1051981
39.94140625 80.96484375 1682627329.105205
39.77734375 85.52734375 1682627329.1052108
39.4453125 90.75390625 1682627329.105218
39.11328125 96.7265625 1682627329.1052248
38.86328125 103.11328125 1682627329.105231
38.78125 109.66796875 1682627329.105238
38.78125 116.140625 1682627329.105244
38.78125 122.28125 1682627329.105251
39.77734375 128.0859375 1682627329.105257
41.1875 133.23046875 1682627329.1052642
42.9296875 137.7109375 1682627329.105272
44.83984375 141.4453125 1682627329.105278
46.74609375 144.51171875 1682627329.1052852
48.73828125 146.91796875 1682627329.105292
50.64453125 148.578125 1682627329.1052978
52.5546875 149.7421875 1682627329.1053052
54.7109375 150.3203125 1682627329.105312
56.78515625 150.5703125 1682627329.105319
58.94140625 150.5703125 1682627329.105325
61.09765625 150.5703125 1682627329.105332
63.0078125 150.3203125 1682627329.105338
64.83203125 149.32421875 1682627329.105345
66.41015625 147.83203125 1682627329.105352
67.984375 145.83984375 1682627329.105359
69.39453125 143.26953125 1682627329.105365
70.88671875 140.19921875 1682627329.105372
72.296875 136.796875 1682627329.105379
73.625 132.8984375 1682627329.105385
75.03515625 128.83203125 1682627329.1053922
76.53125 124.51953125 1682627329.105398
78.1875 119.875 1682627329.1054049
79.9296875 115.14453125 1682627329.105411
81.7578125 110.08203125 1682627329.105418
83.4140625 104.52734375 1682627329.105424
84.91015625 98.71875 1682627329.105431
86.23828125 92.91015625 1682627329.105437
87.3984375 87.26953125 1682627329.1054442
88.39453125 82.20703125 1682627329.105451
89.3046875 77.89453125 1682627329.105458
89.88671875 74.2421875 1682627329.105464
90.30078125 71.58984375 1682627329.105471
90.30078125 69.765625 1682627329.105477
90.30078125 68.68359375 1682627329.105484
90.30078125 68.10546875 1682627329.105491
90.13671875 67.85546875 1682627329.1054971
89.8046875 67.69140625 1682627329.105504
89.47265625 67.69140625 1682627329.10551
89.3046875 67.69140625 1682627329.1055171
89.22265625 67.69140625 1682627329.105524
89.140625 68.35546875 1682627329.10553
89.140625 70.01171875 1682627329.105537
89.05859375 72.91796875 1682627329.105543
89.05859375 76.81640625 1682627329.10555
89.05859375 81.875 1682627329.105556
89.05859375 88.4296875 1682627329.1055639
89.05859375 95.8125 1682627329.10557
89.05859375 103.86328125 1682627329.105577
89.05859375 112.2421875 1682627329.1055841
89.3046875 119.875 1682627329.10559
90.21875 126.84375 1682627329.105597
91.7109375 133.23046875 1682627329.105603
93.5390625 138.7890625 1682627329.10561
95.77734375 143.8515625 1682627329.1056159
98.18359375 148.49609375 1682627329.105623
100.5078125 152.5625 1682627329.10563
102.828125 156.4609375 1682627329.105637
104.8203125 160.109375 1682627329.105643
106.5625 163.4296875 1682627329.10565
107.890625 166.58203125 1682627329.1056561
108.80078125 169.23828125 1682627329.105663
109.30078125 171.55859375 1682627329.105669
109.6328125 173.46875 1682627329.105676
109.796875 175.04296875 1682627329.105682
109.796875 176.12109375 1682627329.105689
109.796875 176.703125 1682627329.105697
109.71484375 176.87109375 1682627329.1057029
109.71484375 176.87109375 1682627329.10571